3030 1770 1010 5905 7019 0303 0301 7701
2010 1017 7030 3019 0590 3766 4049 9033
3320 2230 3059 0101 0499 0177 0664 0190
1301 9031 1177 0499 0332 0664 0303 0101
7031 1101 0177 0190 3030 4990 2666 4033
9703 1110 1049 9017 7030 3026 3320 6640
1101 0102 8177 0311 9703 3207 0499 0303
9703 0303 3201 7703 1121 0110 1010 7049
5570 1770 2101 0101 1033 2049 9030 3031
3320 1010 5570 7031 9112 2114 9901 7703
2030 3049 9010 1011 2177 0703 1933 2055
9702 0101 0499 0112 1770 3197 0332 0303
1570 1770 2397 1101 0332 0303 0112 3194
2830 4990 1010 3192 3157 0177 0971 3320
1770 2633 2049 9097 1283 0319 1121 0101
3320 4990 9712 8301 1231 9157 0261 0101
7017 7097 1157 0101 0261 1233 2049 9032
1770 1169 7149 9010 1032 3277 0157 0332
5029 1570 3320 9713 2317 7049 9011 6101
7029 3273 3201 7709 7110 1049 9011 6527
1770 3320 1197 0211 1010 5232 7499 0971
1904 9905 2332 0703 3117 7021 1101 0119
4990 2111 9011 9332 0523 3170 1010 1770
6101 1933 5190 3320 4990 1770 5221 3706
6101 9017 7011 9703 3521 9332 0499 0536
3351 1949 9017 7033 2070 6101 9053 2193
4990 1193 3621 9332 0537 0610 1901 7704
1303 3205 3336 6102 1911 1349 9070 1770
3405 4332 0219 1301 1136 1017 7070 4990
7510 1113 3320 7754 2196 1034 3177 0130
2510 7734 4219 1113 1303 3201 7706 1075
8903 3201 3034 6751 0111 3251 0219 7761
3075 1061 0130 7789 0111 3251 0219 3320
2510 3320 1341 1132 2275 1030 8906 1077
8903 3203 0772 5106 1013 4751 0224 1113
1113 2248 9075 1025 1078 3320 3061 0134
2061 0751 0301 1133 3201 3478 2510 8902
3089 0134 3320 7825 1061 0751 0111 3223
6103 3202 2134 3111 1325 1075 1089 0786
1903 3208 9078 6101 3426 1113 2510 3319
7306 1033 2036 2678 1902 5101 3411 1373
5073 0251 0310 1113 1366 1033 2078 2650
5902 5101 1133 3205 2781 3631 0267 3059
1705 9078 2510 3107 3033 2052 2613 6170
7817 0332 0136 2659 0523 1225 1073 0781
1363 3202 6251 0730 5905 2315 7817 0136
2302 6317 5901 7033 2052 1362 5107 3023
3237 3025 1059 0230 2717 0332 0521 3632
1103 2313 6230 5902 5102 1333 2056 1701
1901 7033 2059 0215 2510 1361 1023 0561
3025 1011 0190 5902 3056 1363 3202 1930
2305 9022 0332 0561 3630 1101 9025 1023
5901 9025 1023 0303 3205 6136 1102 2259
4703 7332 0230 2510 2261 3658 1901 1047
2570 2510 1903 3203 7582 2647 0232 1122
1303 7232 3320 1121 9022 6470 2510 5101
1122 2633 2051 0190 4703 7251 0232 1301
4702 3251 0226 1121 9013 0251 0332 0384
4105 1011 2332 0191 3822 6130 2510 4704
3320 5102 2625 1019 1130 4703 8112 4103
1124 1047 0226 2510 1301 9133 2051 0391
1370 1915 1041 0112 3320 2264 7025 1039
7019 1226 1121 3705 1039 4103 3204 7070
5103 9226 4114 7033 2019 1112 7013 7051
7633 2013 7011 2510 4114 7019 1229 3117
2330 3111 9151 0112 7641 1137 0470 3320
3105 1011 2411 3320 1914 7076 1370 2330
2033 2041 1761 3705 1011 2233 0310 1912
2330 3105 1013 7011 2332 0217 6411 1912
3076 2133 2019 1411 3105 1013 7023 3030
2301 9176 4115 1031 0233 0332 0302 5230
8302 3041 1332 0252 3305 1030 1917 6830
8307 6191 5103 2230 2523 3033 2041 1830
2770 4112 3302 3051 0332 0321 9183 0252
3102 5830 3320 4112 3019 1510 3223 3031
1090 1912 3303 1041 1830 2305 1033 2025
3320 2651 0411 2330 1913 1083 0230 1090
3041 1109 4230 1918 3033 2023 3021 0510
2030 1912 3308 3041 1230 5101 0943 3202
6703 3208 3022 1911 0942 3303 0510 4116
7019 1261 0945 1083 0332 0670 3041 1701
2870 5104 1130 1094 8301 9167 0332 0287
2908 3033 2067 0411 5101 9121 0307 0290
1510 3320 6702 9083 0331 9170 5104 1115
6702 9019 1703 3205 1015 1133 4118 3067
2033 5106 7029 0151 1411 1918 3033 2020
7041 1261 5113 3830 5131 9133 2029 0704
7033 2015 1183 0263 7411 1912 9051 3703
5137 0332 0151 1263 7290 1918 3041 1513
1102 9083 0705 1315 1137 3320 2101 9111
7029 0830 1511 1915 1321 2110 3833 2070
3102 9015 1183 0218 1911 1033 2051 3703
3011 0513 3320 7331 0290 2181 5118 3030
1303 2273 1108 3022 6332 0310 5132 9013
1308 3029 0310 1103 3203 2273 2305 1413
1901 3029 0332 0514 8302 3331 0322 7319
4670 3107 1729 0130 3328 3033 2019 0237
4670 2433 3208 3071 7191 3323 1013 0290
1702 4331 0332 0191 8307 1733 2130 4670
3103 3246 7024 9131 7171 7019 1830 3320
